3914.41
4060.71
4051.3
4033.85
4203.88
3881.15
3910.61
3852.77
3826.99
3880.62
3764.64
3817.63
3811.75
4060.45
3889.41
3833.38
3697.57
3914.95
3636.67
3792.77
3822.22
3640.8
3804.64
3727.5
3896.92
3997.82
3992.62
3815.96
4054.85
3639.15
3772.92
3945.61
3766.31
3636.4
3897.49
4076
3705.94
3835.19
3743.28
3599.88
3841.15
3849.31
3731.85
3826.73
3759.03
3843.18
3729.66
3787.13
3688.76
3700.86
3706.71
3938.93
3954.38
3993.16
4396.63
4610.69
4373.26
4398.22
4263.32
4939.1
4903.55
5099.01
5522.87
5582.88
5868.11
6274.34
6852.73
6509.73
6612.63
6861.46
6639.91
6859.16
6318.19
6131.22
5914.07
5839.34
5742.09
5555.58
5131.33
5374.38
5552.74
5361.43
5406.36
5553.71
6026.76
6041.43
6488.79
6390.19
6968.04
7196.22
7125.91
7324.55
7421.9
7595.07
8040.04
8501.36
9624.8
10671
10835.9
11923.3
12145.3
12366.8
11881.4
11313.8
9953.01
9160.89
8174.53
6833.3
5805.26
5149.01
4696.47
4619.7
4564.64
4207.29
4610.42
5173.7
6032.55
7509.78
9082.2
10052.4
12107.4
13352
14302.8
14306.8
13261.3
12114.9
10670.6
9255.05
7710.14
6607.27
5574.99
5085.89
4455.36
3850.86
3392.41
3480.45
3325.76
3101.94
3152.52
3004.13
2837.53
3112.22
2877.56
2852.43
2796.21
3085.42
2946.61
2954.34
2898.65
2756.91
2971.85
2825.17
2806.67
3025.03
2890.61
3113.03
3100.94
3181.51
3068.34
3268.2
3417.83
3642.98
3468.76
3458.43
3549.95
3779.12
3620.55
3887.33
4094.79
3982.72
4335.4
4635.94
4902.29
4797.65
5177.95
5213.81
5561.97
5825.76
6074.72
6477.78
6815.52
7106.35
7345.74
7422.67
7837.34
8263.48
8697.16
8778.77
9560.45
9895.79
10129.9
10139.5
10386.3
10718.1
10999.6
11170.7
11293.3
11386.4
11339.8
11869.8
11605.9
