3841.15
3849.31
3731.85
3826.73
3759.03
3843.18
3729.66
3787.13
3688.76
3700.86
3706.71
3938.93
3954.38
3993.16
4396.63
4610.69
4373.26
4398.22
4263.32
4939.1
4903.55
5099.01
5522.87
5582.88
5868.11
6274.34
6852.73
6509.73
6612.63
6861.46
6639.91
6859.16
6318.19
6131.22
5914.07
5839.34
5742.09
5555.58
5131.33
5374.38
5552.74
5361.43
5406.36
5553.71
6026.76
6041.43
6488.79
6390.19
6968.04
7196.22
7125.91
7324.55
7421.9
7595.07
8040.04
8501.36
9624.8
10671
10835.9
11923.3
12145.3
12366.8
11881.4
11313.8
9953.01
9160.89
8174.53
6833.3
5805.26
5149.01
4696.47
4619.7
4564.64
4207.29
4610.42
5173.7
6032.55
7509.78
9082.2
10052.4
12107.4
13352
14302.8
14306.8
13261.3
12114.9
10670.6
9255.05
7710.14
6607.27
5574.99
5085.89
4455.36
3850.86
3392.41
3480.45
3325.76
3101.94
3152.52
3004.13
2837.53
3112.22
2877.56
2852.43
2796.21
3085.42
2946.61
2954.34
2898.65
2756.91
2971.85
